6225165
6225164
6225167
6225161
6225160
6225163
6225162
5154651
5154653
5154659
6229598
5579873
6151318
6215816
6151316
6206298
5126117
5126113
5138618
6175491
6175493
6206296
6151400
5357779
5126078
5126072
5126073
6225187
6225183
5917549
5245324
5138728
5138722
5138721
5917543
5648343
5138549
5169186
6177306
5154863
5171951
5154867
5173408
6177523
5470561
5470566
5171838
5143349
5159435
5169053
5159433
5169050
5154472
6177415
5917169
5207586
5357983
5152231
5157062
5157067
5152010
5152013
5473585
5143378
5124295
5169422
5143372
5143373
5143370
5143376
5143377
5143374
5143375
5143179
5143176
5143171
5143172
5143173
5474915
5474913
5474912
5474911
5474918
5154466
5154467
5154464
5154465
5154461
5124500
5152160
5152165
5883972
5473458
5522962
5522963
5169517
5470639
5169519
5124345
5124347
5124341
5302885
5124348
5318479
5154795
5382206
5302867
5157208
5167284
5157201
5157204
6225178
6225173
6225176
5310308
5697772
5154646
5166883
5166887
5192448
5188801
5154456
5126104
5126105
5126106
5126103
5476192
5245133
6175489
6175480
6175481
5151855
5151857
5151851
5126049
5370782
5370787
5370786
5370785
5370784
5141090
5370789
5370788
5167158
6225196
6151321
6225192
5138737
6225199
5138553
5138559
5169198
6100959
5141165
5141167
5141160
6206288
6206287
5141168
5141364
5141362
5159593
5171808
5171801
5159443
5159440
5159447
5159448
5936573
5702651
5152228
5152221
5152225
5152008
5169458
5143149
5143148
5754585
5143145
5143144
5143147
5143146
5474906
5474907
5474900
5474901
5171793
5474908
5171798
5154413
5154412
5154416
5154419
5473447
5152179
5152172
5152170
5470648
5470642
5697809
5124370
5124372
5124375
5124374
5124378
5754294
5124405
6225181
5680956
5154526
5143156
5157210
5329604
5169442
5167435
5473690
5473693
6100942
5310318
5881822
5154639
5154634
5579852
5579856
5757346
5127473
5127472
5127470
5127479
5127478
5969360
5154745
5154744
5138639
5126134
5154741
5126136
5126139
5138637
5245122
6151425
5151860
5141084
5151862
5141083
5151866
5159322
5159326
5126058
5370790
5370791
5370794
5370795
5370796
5917561
5370798
5127504
5127503
5138709
6151336
5476503
6151334
5476501
5138702
5138705
5138704
5138707
5138706
5138561
5423628
5138564
5648367
5423623
6215801
5141176
6206299
5141174
5141175
5141178
6177309
5352914
5912552
5138890
5138894
5138896
5169071
5159453
5159458
5157318
5138969
5936547
6177508
5154775
5157049
5157048
5157044
5157041
5157040
5157043
5473695
5143157
5143154
5473696
5143152
5143153
5169446
5143151
5473699
5143158
5323344
5171783
5171780
5474935
5474934
5154401
5154409
5473475
5152103
5152106
5470656
5124368
5143067
5124414
5124411
5124418
6206452
6206450
6206451
5912613
5154530
5936510
6225231
6225230
6225232
6225234
6225236
5166956
5166951
5166950
5373470
5169054
5154621
5192428
5124361
5151902
5151900
5151906
5151905
5127463
5127464
5579887
5127468
5127469
5154754
5154758
5126120
6229519
5126022
5126024
5151874
5126028
6173509
5138717
5917511
5138715
5138712
5127519
5917515
5127515
5127517
5127510
5127511
5127512
5127513
6229460
5476571
5138579
5458739
5141189
5141188
5141184
5141183
5141181
5141180
5141343
5141345
5141344
5141346
5141348
5138886
5138882
5973099
5159468
5159465
5169067
5159466
5159462
5423633
5159668
5159486
5154963
5159482
5159489
5154968
5138973
5138970
5138976
5138975
5138978
5975379
5357950
6177510
6177518
5157058
5157051
5157057
5143123
5143122
5143120
5143127
5169478
5143124
5169475
5143128
5169473
5171736
5169274
5169271
5169270
5159716
5474928
5474926
5171776
5154439
5154435
5154436
5154431
5751754
5470663
5157188
5143238
5143236
5143235
5143234
5143232
5143231
5124319
5124318
5385044
5169382
5365621
5124316
5840958
5124425
5157232
5157236
5157238
5154507
5167415
5126094
5169494
5167380
5169499
5126099
6187323
6187320
5154614
6225321
6225320
5154610
5310376
6225324
5318426
5157065
5157421
5127458
5157424
5127454
5127457
5127453
5127452
5154765
5342141
5154766
5342148
5169424
5476368
5373531
5373534
5373537
5151809
5151802
5151805
5127528
5138766
5476097
5127521
5127520
5127522
5127525
5127524
5127527
5169580
6229458
6229455
6229457
6229453
5182219
5141199
5141195
5141191
5141193
5141358
5141359
5141350
5151832
5159478
5159473
5159471
5169015
5169014
6206320
6206323
5159676
5159673
5154972
5936527
5138989
5138987
5138985
5138983
5169126
5171698
5127466
5171690
5343736
5171693
5171696
5143130
5143131
5143132
5143134
5143136
5473678
5473676
5473672
5473671
5169465
5169269
5169266
5485071
5169263
5171760
5159709
5171763
6206587
6206588
6206316
5143228
5143229
5143226
5143227
5143220
5143222
5143223
5124305
5154517
5154512
5154513
5352953
6225259
6225258
5167155
5169644
5167157
5166971
5157088
5167408
6225257
6225254
5167393
5124237
5169480
5124231
5124233
5237532
5169489
5840897
5154603
5154606
5154607
5154609
5357838
5466402
5466403
5840966
5840963
5840968
5157433
5476313
5476317
5126140
5126141
5126142
5126143
5126144
5126145
5126147
6151272
5373528
6151270
5373526
5373524
5373522
5373523
5373521
5127537
5127534
5127532
5127533
5127530
5151814
5127538
5151817
5138776
5917537
5141213
5141210
5171986
5458750
5171981
6099086
5141329
5141328
5141323
5141320
5141326
5141325
5141324
6173508
5127518
5169007
5141036
5141034
5141033
5141032
6173500
6206319
5159395
5154940
6173502
5154949
5936530
5138998
5138999
5936538
5138997
5138992
5169134
5169137
6206573
5139000
5473668
5143107
5143100
5143103
5373593
5474949
5474940
5306003
5474944
5167286
5171757
5152137
5318477
5124334
5124330
6100928
5143210
5143213
5143215
5143216
5169564
5124449
5124448
5154565
5124442
5124440
5166966
5473535
5473537
5166962
5166963
5883854
6206483
6206484
6225249
5157097
5157095
5157092
5157090
5476491
5352644
6225309
5347241
5352640
6206556
6206555
6206552
6100905
5157409
5157401
5476300
6151282
5154702
5154701
5154707
5154706
5167216
5697697
5697696
6151264
6151261
6151262
5159340
5373551
5373550
5151829
5357685
5357687
5357682
5126012
5126013
5126010
5357689
5138749
5917520
5141207
5141201
5917524
5476238
5476235
5476236
5476541
5458748
5458749
5458741
5458742
5458744
5458745
5458747
5127491
5141339
5127493
5127492
5127495
6229546
5127497
5127499
5141332
5141067
5141334
5141336
5169035
5169031
5169033
5648321
5159381
6206303
5154958
5143071
5143073
5143072
5936504
5936500
5169103
5345396
5345399
5484989
5484983
5484981
5484986
6229547
5143118
5143110
5143117
5169248
5138837
5138834
5138832
5138831
5138830
5138839
5382196
5382198
5143207
5124322
5124323
5124327
5124324
5124328
5754153
5343718
5154572
5154574
5141220
5154578
5154579
5124454
5124455
5166910
5912548
5166919
5883862
5343570
5352631
5352630
5352639
6225316
6225317
5157375
6206547
5166823
6206549
5166820
6100919
6100914
5154448
6100916
6100910
6100913
6206481
5154718
5157319
5154712
5154713
5385126
5373432
5385125
5373548
5138689
5151836
5373540
5151839
5373544
5138686
5398065
5141235
5138755
5476201
5476202
5329460
6099128
5757191
5141307
5141300
5141303
5476115
6173498
6229555
5476113
5127489
5127486
5127484
5127482
5476118
5127480
5169022
5159620
5648331
5168996
5138870
5143062
5143063
5168975
5143066
5168972
5168970
5143068
5143069
5168978
5702434
5370783
5473640
5484996
5470511
5138824
5138826
5138820
5138821
5171734
5138829
5141092
5143276
5143275
5157144
5157147
5157141
5157142
5141085
5169349
6225195
5169347
5169346
5169344
5343767
5154544
5154543
6225262
6225263
6225260
5912559
6225264
5912556
5912550
5473510
5917572
5473686
5167343
5124267
5167347
5341923
5352628
5157366
5157367
5157360
5157363
5169191
5124464
5124466
5124461
5124460
6100920
6100923
5124468
5126196
5154729
5352755
6229762
5141223
5357669
5357666
5357663
5357661
5476216
5476213
6151396
5138781
6099129
5138784
5138786
5138789
5476589
5141312
5141310
5141317
5141314
5141318
5141319
5476456
5476459
5159632
5757278
5168988
5168983
5154937
5143094
5143092
5154809
6151280
5154803
5473637
5473636
5473638
5357872
5470505
5138811
5138813
5138815
5171726
5138816
5171728
5138818
5169599
5143264
5143267
5157170
5936705
5154556
5754196
5754197
5302693
5166938
5912561
5166936
5166931
5912564
5912567
5912566
5771740
5754532
5771743
5167352
6215805
5138692
5124277
5138697
6215803
5365789
5318459
6100934
6100935
6100932
6100930
5154480
5154487
5124472
5124470
5169571
5579821
5579820
5154732
5154733
5154738
5126016
5352764
5167221
5192317
5141253
5141251
5141257
5141254
5141208
5141259
5192229
5917521
5138796
5138793
6215849
6215848
5138743
6215841
6215840
6215843
6215842
6215845
6215846
5173380
6229605
6099063
6229600
6229601
6229602
6229596
5936494
5936493
5936491
5159608
5159600
5936730
6099114
5141079
5141078
6099111
6099110
6099112
5141071
6099118
5143085
5143086
5702417
5154837
5473621
5473622
5473625
5473627
5473628
5352960
5138808
5138806
5138807
5138801
5154905
5154903
5917282
5143254
5343746
5754231
5157292
6225282
5124245
5124244
5124241
5167326
5166815
5166813
5166819
6100943
5141338
6100941
6100940
6100947
5157346
5157341
5124486
5124484
5384803
5124482
5169378
5141330
5352771
5329611
5154583
5154584
5154586
5167251
5167256
6229745
6229744
5141240
5357648
5141243
5141245
5169593
5141248
5141249
6215855
6215852
6215853
6215850
6215851
5476476
5138651
6099079
5949563
6099072
5357730
5936489
5159348
5159612
5159616
5159615
5141068
6099101
6099107
6099104
5141060
5141062
5141063
5141064
5171790
5474902
5169143
5159504
5159501
5171799
5141116
5141112
5141113
5473619
5352970
5171709
5138873
5138871
5171701
5138876
5171704
5138874
5154911
5154916
5154919
5157112
5157118
5143248
5302680
5143242
5143243
5143246
5143247
5143244
5154764
5138907
5936720
5473540
5473542
5754223
5143337
5143339
5343514
5152183
5152185
5152189
5347237
5166861
5318302
5318305
6100954
6100958
5157332
5157330
5157337
5124498
5124499
5169554
5124497
5124491
5124492
5771436
5771433
5157247
5157243
5154599
5154593
5154591
5357657
5757407
5357651
5357659
5141279
5141278
5141277
5398024
5398025
5141273
5882038
5305960
5463634
6151367
5245313
5138648
5329551
5159379
5141054
5126087
5141056
5141051
5141050
5126083
5159371
5917507
5141297
5141296
5141295
5141291
5141290
6177414
5141299
5141298
5169155
5154853
5154857
5154856
5159575
5141125
5141127
5470557
5470555
5470554
5357826
5138868
5138861
5171842
5138864
5138865
5159403
5157101
5157103
5157106
5157108
5124393
5124392
5169301
5124390
5124397
5302695
5124395
5138914
5169574
5365914
5473550
5912518
5912519
5143347
5143346
5143345
5157035
5157036
5207585
5143187
5143186
5143182
5152191
5151794
5151793
5152195
5152199
5151799
5166870
5154458
5154457
5166879
5154454
5154452
5154451
6100968
5157322
5157324
5169523
5466304
5466306
5771441
5167274
5167276
5157251
5167278
5167477
5169636
5169633
5169631
5169630
5169638
5357620
5357627
5341896
5141262
5141263
5141267
5141264
5154670
5154678
5579817
5192279
5192274
6215831
6215834
6215835
6215836
6151370
5151880
5138672
5169091
5169090
5169094
5159364
5159369
5126092
5141041
5126096
5126097
5141044
5126095
5757231
5141049
5757234
5141285
5141286
5141287
5141281
5141282
5949214
5154842
5171936
5141137
5141135
5141133
5141130
5141131
6177543
5470543
5470545
5470547
5169435
5702626
5138854
5138857
5138856
5138853
5138852
5357830
5138859
5484760
5159415
5159416
5159417
5159412
5473702
5345404
5345400
5345401
5124386
5124387
5124389
5138921
5154855
5138926
5152212
5152217
5169010
5912529
5143350
5143351
5143352
5143353
5143354
5143355
5143357
5143358
5143359
5357676
5167318
5323301
5169406
5169401
5167314
5936691
5302731
5154689
5237887
5154680
5154687
5385129
5385128
5157311
5166848
5152140
5583638
5385127
5154441
5154442
5169534
5473506
5385131
5167263
5157263
5157262
5159492
5157268
5169625
5169627
5169621
5166995
5192592
5154664
5154665
5154667
5154663
5154668
5192268
5579864
5192264
6151303
5476533
6151306
5476531
6215802
5138667
5138664
5138661
5138669
5151899
5169081
5381939
5159317
5159319
5159318
5648391
5126060
5159329
5881909
5171845
5141081
5154874
5969724
5141143
5141140
5141147
5138842
5138843
5138841
5138848
5127509
5127508
6225318
5159428
5917176
5159421
5159420
5159422
5157123
5484975
5484971
5138936
5138937
5138932
5138931
5152202
5152206
5347020
5912538
5912533
5912537
5143369
5143368
5143365
5143364
5143367
5143361
5143362
5143168
5143167
5169430
5143165
5143163
5143162
5143161
5143160
5473480
5345414
5473488
5345413
5936685
5124396
5423629
5473679
5157272
5157302
5154478
5152156
5157306
5154470
5166850
5385133
5154475
5385135
5154477
5385137
5169504
5522976
5522970
5169503
5522972
5470628
5169467
5124354
5124352
5124350
5124359
5124358
5154781
5143380
5912645
6206462
5167294
5167293
5169611
5169613
5143384
5143383
5143382
5143381
5169616
5166983